0.6087643157620475
0.49321359374894286
0.4714303775426914
0.45250364417596806
0.411766782367848
0.3861016549943191
0.3609515341209634
0.3405229646079945
0.31803815743341196
0.3171398142036402
0.28483213531732
0.2810476220581891
0.2808176553017407
0.26370146976045844
0.26466341256076154
0.24411078639556918
0.24308302962519932
0.2549895613788153
0.23908576270003082
0.22721436741445564
0.21831009502276638
0.23136007596896785
0.22363739640820982
0.21978574637147896
0.2115850409290771
0.20351680995509872
0.2043000787698646
0.20238543300502845
0.19617021562232864
0.20238813713966114
0.19265369881155356
0.18590231862727483
0.1933883602054403
0.18647517278825618
0.17586441052075968
0.17681161122712888
0.18228377335933302
0.17987778923421535
0.1582842013350565
0.1744010718956695
0.1686339085759103
0.1696952184539218
0.16658178230589432
0.17760832406984606
0.16772210554500935
0.16776596069476515
0.1684538297935055
0.16983185774198611
0.14869251388634713
0.16594692506555045
0.15079645172666478
0.16078247816767544
0.1560684978601716
0.1458305178302393
0.15704011412354996
0.16075122336865807
0.14833727270751348
0.14268294464849499
0.15639694729920933
0.14127461988487686
0.14863391934217499
0.14682755489912727
0.13783304939784533
0.14573363929477362
0.14452979338952815
0.1463346311906001
0.1357708966627471
0.1271621824839627
0.13627873904967927
0.13975796132471482
0.1269597334036041
0.12978102450746656
0.13830951505718436
0.12624725034319847
0.12904370436884183
0.13412183957648868
0.11853787118243932
0.13249595696106553
0.13267724592686753
0.12504850888958657
0.11113036001312002
0.12611830152158257
0.11788271867806303
0.12526119971002084
0.11853895624792028
0.11142873287613872
0.11601816783307718
0.11602075318674082
0.12345808876880426
0.11609565421833463
0.11281982571752039
0.10371061695194891
0.11835513999773506
0.10201301402961484
0.11130279194418657
0.10860163455539085
0.11501221560196564
0.11290009040934613
0.1020045909483671
0.11547889081291186
0.11267325690209444
0.11125157429190916
0.10292563999493448
0.11074233223258008
0.11075040362973013
0.10535927831617026
0.1042675292789321
0.11162043363954169
0.09446205192175254
0.09613205129632128
0.10049883585438607
0.09278531509060588
0.09806951793473002
0.08682543759669159
0.0958231108072038
0.08870785594324775
0.09922990477687837
0.09539076581680796
0.09509698844312708
0.08619985630502924
0.0987131072884812
0.09951741914462545
0.09797625193528321
0.08895869267542127
0.08937366663221323
0.09516721209928498
0.0790177528166546
0.0896684342505463
0.08438466555539975
0.08883250250595288
0.08046369419327744
0.08885258933164636
0.07738854653500724
0.09193186346224053
0.096455234627872
0.08769208064658637
0.08864741693777999
0.07995054654706761
0.08307522044677446
0.08220225355350676
0.07985529482841298
0.07959373570201075
0.08720159754354753
0.07824791595339775
0.07456821265777591
0.08024207186305297
0.07410526629493414
0.08350879902828415
0.07563398380539785
0.0686536014985012
0.08132598574222769
0.07782568834954873
0.06902683368677555
0.08740369355710188
0.07572011440170859
0.07879535667158945
0.0762017643966554
0.07888450824879636
0.0722371690658378
0.07338437460141063
0.07274080685423336
0.07662290066506995
0.06374725316846655
0.06863583341232096
0.07017662831008839
0.06917860017505141
0.0719311300391674
0.06930166736018914
0.06825307487149916
0.06504334009830172
0.07366064725276786
0.06810564399457467
0.07052892464144982
0.06481339891643245
0.06910352376048048
0.06524085971298364
0.07011229124629677
0.07275574009663444
0.07477596976886557
0.06387709515698622
0.061631139421633466
0.07331641734015408
0.06493626173612012
0.07199336181093834
0.06737376115381506
0.0749501419047175
0.0740060570698126
0.06935639512386911
0.07098480012434763
0.06925286181745524
0.06744758996734712
0.07330623893770126
0.07481544271039003
0.07803324132362592
0.06918296623504984
0.06840633265212846
0.06567122913097506
0.07079593133387806
0.074870789538902
0.067631141913018
