0
66.33681554065386
81.1203292277168
80.12971012046472
76.14084962826335
83.57265207417836
83.84913317657737
85.01486846040879
87.29333484391326
65.95257871463926
85.40644037022598
87.41536751003012
86.38866885800445
88.21679822984657
87.55726537325567
88.30691163966125
85.57911145660036
89.0917226638374
87.46666464360425
89.65829412099349
85.47451237483051
90.04747025430423
89.86207846391636
90.41551400765503
91.53555042963578
91.31886579482278
90.49154488762758
89.91367683547355
91.49106604892052
91.68794226563219
91.7991651287252
91.9112911410964
92.57744519395395
91.3551345670062
92.50247184935611
91.42082497389839
92.30758809963378
92.26058345418767
92.1225419978899
91.94393556061127
92.07699754612149
